<?xml version="1.0"?>
<opencv_storage>
<calibration_Time>"Fri Mar 20 10:34:40 2015"</calibration_Time>
<nrOfFrames>24</nrOfFrames>
<image_Width>3264</image_Width>
<image_Height>2448</image_Height>
<board_Width>9</board_Width>
<board_Height>6</board_Height>
<square_Size>2.5100000202655792e-02</square_Size>
<FixAspectRatio>1.</FixAspectRatio>
<flagValue>6</flagValue>
<Camera_Matrix type_id="opencv-matrix">
  <rows>3</rows>
  <cols>3</cols>
  <dt>d</dt>
  <data>
    2.9880631668863380e+03 0. 1.6315000000000000e+03 0.
    2.9880631668863380e+03 1.2235000000000000e+03 0. 0. 1.</data></Camera_Matrix>
<Distortion_Coefficients type_id="opencv-matrix">
  <rows>5</rows>
  <cols>1</cols>
  <dt>d</dt>
  <data>
    1.4422094911174704e-01 -5.4684174329780899e-01
    -7.5857781243513097e-04 1.1949279901859115e-03
    7.9061044687285797e-01</data></Distortion_Coefficients>
<Avg_Reprojection_Error>1.5045738254700729e+00</Avg_Reprojection_Error>
<Per_View_Reprojection_Errors type_id="opencv-matrix">
  <rows>24</rows>
  <cols>1</cols>
  <dt>f</dt>
  <data>
    1.36882484e+00 1.52203286e+00 1.56885493e+00 1.06372535e+00
    1.03517866e+00 1.30928338e+00 1.37935388e+00 1.30876136e+00
    1.40748239e+00 1.04445910e+00 1.76905096e+00 1.40382314e+00
    1.47495842e+00 1.70270872e+00 1.59816015e+00 1.70769215e+00
    1.37405145e+00 1.62714899e+00 1.66617703e+00 1.57635415e+00
    1.76707077e+00 1.54145098e+00 1.74464190e+00 1.75760603e+00</data></Per_View_Reprojection_Errors>
<Extrinsic_Parameters type_id="opencv-matrix">
  <rows>24</rows>
  <cols>6</cols>
  <dt>d</dt>
  <data>
    -5.4763337509420762e-01 -2.9319239614881060e-02
    -5.6662766299889221e-02 -1.0885390554830453e-01
    -5.2791630815599476e-02 3.4915601481069863e-01
    1.0601271721385577e-01 7.0801536008136823e-01 2.9624416709954846e+00
    9.1860323786966042e-02 2.3150034757935808e-02 2.4754663610824107e-01
    3.3830280513061084e-02 -4.9144919676151044e-03
    3.1125134182132657e+00 3.3737897296679135e-02 1.4508244932572570e-01
    3.9508433334612303e-01 -4.0452519130383663e-01
    2.6561303024361188e-02 6.0498342336010990e-03
    -1.0094434334702110e-01 -5.3432226524692983e-02
    2.9885232926565752e-01 -1.4750251381287230e-01
    4.3507697964271097e-01 -1.5401811386448600e-03
    -1.0324095104191308e-01 -5.9850592459727153e-02
    3.2689618403772769e-01 -8.6390772353152512e-02
    -4.3225806191262472e-01 -4.0272284502337816e-03
    -9.9216460089413289e-02 -7.1073898698253909e-02
    2.5610453188588467e-01 -9.4433883804395546e-02
    -3.3701762044557615e-01 -1.1567919422651916e-02
    -9.3879376135213355e-02 -6.8496216348105751e-02
    2.5229930406087786e-01 2.6837551581821750e-01 3.5832270908084919e-02
    1.9160235364580617e-02 -1.1079346025916849e-01
    -5.3303849153607176e-02 2.6248087794170399e-01
    3.4354273821018899e-01 3.8767716727131585e-02 7.8027133814009457e-03
    -1.1167108256188109e-01 -7.0998486014548876e-02
    2.7157538154712529e-01 -5.7792180429449469e-01
    3.7097272538712239e-01 3.2340947299418249e-01
    -8.5473393813641538e-02 -9.0513822149421025e-02
    3.7268527885187724e-01 -4.5175608593162847e-01
    -4.4958622018408367e-01 -1.3475436745778493e-01
    -8.9179997720877147e-02 -7.1386162073903817e-02
    2.4081830816575772e-01 7.6339023694732222e-02 5.3630944061486796e-01
    1.0902886144424692e-01 -9.1156754010504590e-02
    -7.9899397062635227e-02 3.2162135209578530e-01
    3.2941060457874266e-01 -2.5387117322419489e-01
    9.1015566680216639e-02 -1.0982907176071005e-01
    -7.3054520444550547e-02 2.6777040690165183e-01
    -4.8535425036784076e-02 1.8300665185376590e-02
    -6.8697558175643218e-03 -9.9430908063484147e-02
    -6.5881714958515386e-02 2.7467820791963116e-01
    -3.1692375141059791e-02 7.5949101777408795e-02
    -1.5681623614484401e+00 -5.5555350071926857e-02
    9.8774846339393416e-02 3.4608354352454834e-01
    -1.0061804037862508e-01 5.3950079732755216e-02
    1.5584077732871100e+00 6.5945795547055139e-02
    -1.0784277670553198e-01 3.4785264556779638e-01
    -6.7697273906983857e-01 -6.7639032059580995e-01
    -1.4547341867577923e+00 -7.3523702074135402e-02
    8.1095745849895887e-02 2.8088190274821445e-01
    -3.9948332791645097e-01 -3.3001856580884698e-01
    -1.5263301012710508e+00 -7.1833608242300825e-02
    7.7447804132862952e-02 2.7999577680977539e-01
    -7.6979343205328954e-01 -2.0440027779755787e-02
    -6.8223256497565322e-03 -9.4395331920126294e-02
    -2.8006938975095513e-02 3.3483481490700118e-01
    -5.0896989457025510e-01 1.0420909009624982e-02
    9.1059209355477729e-03 -1.0281930776524953e-01
    -1.0006620703329674e-01 3.1327988386565042e-01
    1.7628467954013757e-01 1.9176669823452658e-01
    -1.5740810596546659e+00 -6.0037614672278077e-02
    1.1215695601700389e-01 3.5530063527486588e-01 3.4554469703521351e-01
    3.5210980795564878e-01 -1.5522689553598699e+00
    -6.3715375190976004e-02 1.0578296380567394e-01
    3.6409529388274264e-01 3.3158449351035030e-01 1.3745429525779191e-02
    3.3798228493327519e-03 -1.0341082173446250e-01
    -5.6564901004839942e-02 2.6838634707621661e-01
    3.1663755656158810e-01 2.5190615746669181e-02
    -2.1323505018306703e-02 -9.9761014967021971e-02
    -1.5371614487727317e-02 2.7523919265093150e-01</data></Extrinsic_Parameters>
